16 2
0 8 Cu1
1 8 Cu2
4.640000 40.000000
0.000000 0.000000 0.000000 1.000000 1.000000 1.800000 0
0.000000 0.000000 4.610000 1.000000 1.000000 1.800000 0
0.000000 4.610000 0.000000 1.000000 1.000000 1.800000 0
0.000000 4.610000 4.610000 1.000000 1.000000 1.800000 0
4.610000 0.000000 0.000000 1.000000 1.000000 1.800000 0
4.610000 0.000000 4.610000 1.000000 1.000000 1.800000 0
4.610000 4.610000 0.000000 1.000000 1.000000 1.800000 0
4.610000 4.610000 4.610000 1.000000 1.000000 1.800000 0
2.305000 2.305000 2.305000 1.000000 1.000000 1.800000 1
2.305000 2.305000 6.930000 1.000000 1.000000 1.800000 1
2.305000 6.930000 2.305000 1.000000 1.000000 1.800000 1
2.305000 6.930000 6.930000 1.000000 1.000000 1.800000 1
6.930000 2.305000 2.305000 1.000000 1.000000 1.800000 1
6.930000 2.305000 6.930000 1.000000 1.000000 1.800000 1
6.930000 6.930000 2.305000 1.000000 1.000000 1.800000 1
6.930000 6.930000 6.930000 1.000000 1.000000 1.800000 1
9.240000 0.000000 0.000000
0.000000 9.240000 0.000000
0.000000 0.000000 9.240000
